<<<<<<< HEAD
0200000000000000
0200000000000000
0231000000000000
0200000000000000
0200000000000000
0210000333000000
0203000333000000
0200000333000000
0001000333000000
0000000333000000
0000000111000000
0000000111000000
0000000111000000
0000000111000000
0000000111000000
0000000000000000
=======
020000000000
020003000000
023100000000
020000000000
020003000000
021003000000
020303000000
023303013000
033113003000
011000003000
003101000000
000000300000
>>>>>>> 9d8eb2afaec952022037a5b4ed104980ac1ca241
